Id: Size: %
3 4030 15,5263
6 2777 10,6989
7 1282 4,9391
10 1665 6,4147
11 309 1,1905
12 275 1,0595
13 215 0,8283
14 83 0,3198
15 40 0,1541
16 192 0,7397
17 274 1,0556
18 465 1,7915
19 954 3,6755
20 80 0,3082
21 167 0,6434
22 284 1,0942
23 252 0,9709
24 369 1,4216
25 189 0,7282
26 88 0,339
27 167 0,6434
28 144 0,5548
29 228 0,8784
30 81 0,3121
31 188 0,7243
32 350 1,3484
33 9 0,0347
34 345 1,3292
35 473 1,8223
36 429 1,6528
37 130 0,5008
38 255 0,9824
39 48 0,1849
40 487 1,8763
41 271 1,0441
42 176 0,6781
43 314 1,2097
44 214 0,8245
45 705 2,7161
46 434 1,6721
47 416 1,6027
48 97 0,3737
49 120 0,4623
50 196 0,7551
51 438 1,6875
52 653 2,5158
53 491 1,8917
54 353 1,36
55 269 1,0364
56 86 0,3313
57 271 1,0441
58 386 1,4871
60 211 0,8129
61 789 3,0398
62 96 0,3699
63 241 0,9285
64 101 0,3891
65 70 0,2697
66 295 1,1365
67 329 1,2675
68 48 0,1849
69 191 0,7359
70 371 1,4293
